1 4 9  | 266872	| 1.950000	Solution (brute): 0 0 1 1 1 1 0 0 0 	 | 1281961	| 1.950000	Solution (vec): 0 0 1 1 1 1 0 0 0 	
1 4 9  | 266159	| 2.050000	Solution (brute): 0 1 1 1 0 0 0 1 0 	 | 11145758	| 2.050000	Solution (vec): 0 1 1 1 0 0 0 1 0 	
1 4 9  | 271646	| 2.077778	Solution (brute): 0 0 0 0 1 1 1 0 1 	 | 1127110	| 2.077778	Solution (vec): 0 0 0 0 1 1 1 0 1 	
1 4 9  | 263347	| 2.100000	Solution (brute): 1 0 1 1 0 1 0 0 0 	 | 17497098	| 2.100000	Solution (vec): 1 0 1 1 0 1 0 0 0 	
1 4 9  | 268512	| 2.155556	Solution (brute): 0 0 0 1 1 1 0 0 1 	 | 9169529	| 2.155556	Solution (vec): 0 0 0 1 1 1 0 0 1 	
2 4 9  | 367635	| 3.605555	Solution (brute): 1 0 1 1 1 1 1 0 1 	 | 1007959	| 3.605555	Solution (vec): 1 0 1 1 1 1 1 0 1 	
2 4 9  | 377023	| 3.473333	Solution (brute): 0 1 1 0 1 1 1 1 1 	 | 308949	| 3.473333	Solution (vec): 0 1 1 0 1 1 1 1 1 	
2 4 9  | 361004	| 3.385556	Solution (brute): 3 1 1 1 0 0 1 1 1 	 | 4442359	| 3.385556	Solution (vec): 3 1 1 1 0 0 1 1 1 	
2 4 9  | 368591	| 3.853333	Solution (brute): 2 1 1 0 1 1 0 1 2 	 | 253125	| 3.853333	Solution (vec): 2 1 1 0 1 1 0 1 2 	
2 4 9  | 391293	| 3.091111	Solution (brute): 3 1 1 1 0 0 0 1 3 	 | 149681	| 3.091111	Solution (vec): 3 1 1 1 0 0 0 1 3 	
3 4 9  | 468394	| 4.124074	Solution (brute): 1 2 1 1 0 2 2 3 1 	 | 3654609	| 4.124074	Solution (vec): 1 2 1 1 0 2 2 3 1 	
3 4 9  | 459418	| 3.286667	Solution (brute): 1 0 1 2 2 2 3 1 0 	 | 223953	| 3.286667	Solution (vec): 1 0 1 2 2 2 3 1 0 	
3 4 9  | 432875	| 3.935555	Solution (brute): 3 1 2 0 1 2 0 1 2 	 | 65412	| 3.935555	Solution (vec): 3 1 2 0 1 2 0 1 2 	
3 4 9  | 434953	| 4.448889	Solution (brute): 3 2 1 1 1 2 4 0 1 	 | 23496	| 4.448889	Solution (vec): 3 2 1 1 1 2 4 0 1 	
3 4 9  | 457724	| 3.497407	Solution (brute): 2 3 0 1 1 2 2 2 2 	 | 298190	| 3.497407	Solution (vec): 2 3 0 1 1 2 2 2 2 	
4 4 9  | 533929	| 4.102222	Solution (brute): 2 3 3 1 0 1 2 2 2 	 | 90348	| 4.102222	Solution (vec): 2 3 3 1 0 1 2 2 2 	
4 4 9  | 536293	| 3.712222	Solution (brute): 3 1 0 1 1 1 0 1 2 	 | 188255	| 3.712222	Solution (vec): 3 1 0 1 1 1 0 1 2 	
4 4 9  | 525618	| 4.260000	Solution (brute): 1 2 3 1 1 2 3 1 2 	 | 928034	| 4.260000	Solution (vec): 1 2 3 1 1 2 3 1 2 	
4 4 9  | 535207	| 4.319444	Solution (brute): 0 2 2 2 2 1 1 2 1 	 | 266291	| 4.319444	Solution (vec): 0 2 2 2 2 1 1 2 1 	
4 4 9  | 542819	| 4.042500	Solution (brute): 2 1 2 2 2 0 1 3 1 	 | 94053	| 4.042500	Solution (vec): 2 1 2 2 2 0 1 3 1 	
5 4 9  | 589420	| 4.942222	Solution (brute): 0 1 2 3 1 0 3 1 1 	 | 44232	| 4.942222	Solution (vec): 0 1 2 3 1 0 3 1 1 	
5 4 9  | 620689	| 4.533333	Solution (brute): 1 4 1 2 1 0 1 2 1 	 | 37929	| 4.533333	Solution (vec): 1 4 1 2 1 0 1 2 1 	
5 4 9  | 602849	| 4.680000	Solution (brute): 3 1 0 1 1 1 3 3 1 	 | 21238	| 4.680000	Solution (vec): 3 1 0 1 1 1 3 3 1 	
5 4 9  | 611225	| 3.506667	Solution (brute): 1 1 1 0 1 2 1 2 0 	 | 143690	| 3.506667	Solution (vec): 1 1 1 0 1 2 1 2 0 	
5 4 9  | 599221	| 4.324444	Solution (brute): 3 1 0 1 1 1 1 1 1 	 | 53500	| 4.324444	Solution (vec): 3 1 0 1 1 1 1 1 1 	
6 4 9  | 651582	| 3.790741	Solution (brute): 1 0 1 2 0 0 1 2 1 	 | 28005	| 3.790741	Solution (vec): 1 0 1 2 0 0 1 2 1 	
6 4 9  | 658180	| 4.140740	Solution (brute): 3 1 2 0 1 2 1 3 0 	 | 43974	| 4.140740	Solution (vec): 3 1 2 0 1 2 1 3 0 	
6 4 9  | 672078	| 3.549259	Solution (brute): 2 1 1 0 3 1 2 0 1 	 | 255852	| 3.549259	Solution (vec): 2 1 1 0 3 1 2 0 1 	
6 4 9  | 662657	| 3.912593	Solution (brute): 1 1 1 0 1 3 2 4 1 	 | 242857	| 3.912593	Solution (vec): 1 1 1 0 1 3 2 4 1 	
6 4 9  | 657576	| 3.483333	Solution (brute): 0 1 2 1 1 1 2 1 2 	 | 2600592	| 3.483333	Solution (vec): 0 1 2 1 1 1 2 1 2 	
7 4 9  | 736621	| 4.464444	Solution (brute): 1 3 3 1 1 1 0 1 1 	 | 67938	| 4.464444	Solution (vec): 1 3 3 1 1 1 0 1 1 	
7 4 9  | 724590	| 3.834285	Solution (brute): 1 3 0 2 1 1 1 2 2 	 | 383349	| 3.834285	Solution (vec): 1 3 0 2 1 1 1 2 2 	
7 4 9  | 716475	| 5.587936	Solution (brute): 2 1 1 1 1 0 1 1 1 	 | 8742	| 5.587936	Solution (vec): 2 1 1 1 1 0 1 1 1 	
7 4 9  | 721221	| 4.253968	Solution (brute): 1 1 1 2 1 2 2 1 1 	 | 1633768	| 4.253968	Solution (vec): 1 1 1 2 1 2 2 1 1 	
7 4 9  | 725782	| 5.156984	Solution (brute): 1 2 3 1 1 3 1 2 2 	 | 24090	| 5.156984	Solution (vec): 1 2 3 1 1 3 1 2 2 	
8 4 9  | 788817	| 3.953333	Solution (brute): 0 1 1 3 1 2 3 1 3 	 | 3085181	| 3.953333	Solution (vec): 0 1 1 3 1 2 3 1 3 	
8 4 9  | 824208	| 3.467500	Solution (brute): 0 2 3 1 1 1 2 0 1 	 | 107793	| 3.467500	Solution (vec): 0 2 3 1 1 1 2 0 1 	
8 4 9  | 784327	| 3.500000	Solution (brute): 1 1 1 0 2 2 2 1 3 	 | 8898772	| 3.500000	Solution (vec): 1 1 1 0 2 2 2 1 3 	
8 4 9  | 786457	| 3.336667	Solution (brute): 2 3 1 3 0 2 2 2 3 	 | 3669666	| 3.336667	Solution (vec): 2 3 1 3 0 2 2 2 3 	
8 4 9  | 775872	| 3.727500	Solution (brute): 1 1 2 1 0 1 1 2 0 	 | 48214	| 3.727500	Solution (vec): 1 1 2 1 0 1 1 2 0 	
9 4 9  | 846754	| 4.482963	Solution (brute): 1 1 2 0 1 3 1 0 1 	 | 22002	| 4.482963	Solution (vec): 1 1 2 0 1 3 1 0 1 	
9 4 9  | 846376	| 5.079013	Solution (brute): 3 1 2 1 0 1 2 2 1 	 | 9744	| 5.079013	Solution (vec): 3 1 2 1 0 1 2 2 1 	
9 4 9  | 876861	| 4.535309	Solution (brute): 2 4 1 1 1 1 1 1 4 	 | 47977	| 4.535309	Solution (vec): 2 4 1 1 1 1 1 1 4 	
9 4 9  | 851145	| 3.891482	Solution (brute): 1 3 3 2 1 2 1 2 1 	 | 452301	| 3.891482	Solution (vec): 1 3 3 2 1 2 1 2 1 	
9 4 9  | 848995	| 4.654445	Solution (brute): 2 2 3 2 1 2 0 1 2 	 | 94160	| 4.654445	Solution (vec): 2 2 3 2 1 2 0 1 2 	
1 5 9  | 1339102	| 2.122222	Solution (brute): 1 1 0 1 1 0 0 0 0 	 | 69794864	| 2.122222	Solution (vec): 1 1 0 1 1 0 0 0 0 	
1 5 9  | 1336876	| 2.105556	Solution (brute): 1 0 1 1 0 0 1 0 0 	 | 47136908	| 2.105556	Solution (vec): 1 0 1 1 0 0 1 0 0 	
1 5 9  | 1338942	| 2.138889	Solution (brute): 1 0 0 1 0 1 1 0 0 	 | 99276608	| 2.138889	Solution (vec): 1 0 0 1 0 1 1 0 0 	
1 5 9  | 1347486	| 2.005555	Solution (brute): 0 0 1 0 1 1 1 0 0 	 | 154103696	| 2.005555	Solution (vec): 0 0 1 0 1 1 1 0 0 	
1 5 9  | 1355721	| 2.127778	Solution (brute): 1 0 1 0 1 1 0 0 0 	 | 285911712	| 2.127778	Solution (vec): 1 0 1 0 1 1 0 0 0 	
2 5 9  | 1969344	| 2.726667	Solution (brute): 3 1 3 2 2 1 0 0 2 	 | 9159260	| 2.726667	Solution (vec): 3 1 3 2 2 1 0 0 2 	
2 5 9  | 1842820	| 3.293333	Solution (brute): 0 1 2 1 1 0 1 1 0 	 | 1340419	| 3.293333	Solution (vec): 0 1 2 1 1 0 1 1 0 	
2 5 9  | 1950917	| 3.446667	Solution (brute): 2 1 1 1 0 0 1 2 2 	 | 2627363	| 3.446667	Solution (vec): 2 1 1 1 0 0 1 2 2 	
2 5 9  | 1844195	| 3.278889	Solution (brute): 0 0 0 1 2 1 2 2 3 	 | 2211074	| 3.278889	Solution (vec): 0 0 0 1 2 1 2 2 3 	
2 5 9  | 1885538	| 3.567778	Solution (brute): 2 1 1 1 0 0 2 3 0 	 | 1170216	| 3.567778	Solution (vec): 2 1 1 1 0 0 2 3 0 	
3 5 9  | 2365418	| 4.674444	Solution (brute): 0 1 2 1 1 4 1 1 0 	 | 128745	| 4.674444	Solution (vec): 0 1 2 1 1 4 1 1 0 	
3 5 9  | 2407004	| 4.306667	Solution (brute): 1 1 1 1 0 4 2 1 1 	 | 975883	| 4.306667	Solution (vec): 1 1 1 1 0 4 2 1 1 	
3 5 9  | 2545755	| 4.254815	Solution (brute): 1 2 1 1 1 1 2 2 1 	 | 73487088	| 4.254815	Solution (vec): 1 2 1 1 1 1 2 2 1 	
3 5 9  | 2234358	| 4.296297	Solution (brute): 1 4 1 3 2 3 0 1 2 	 | 277835	| 4.296297	Solution (vec): 1 4 1 3 2 3 0 1 2 	
3 5 9  | 2366298	| 4.859259	Solution (brute): 1 3 1 2 1 0 1 1 1 	 | 87998	| 4.859259	Solution (vec): 1 3 1 2 1 0 1 1 1 	
4 5 9  | 2768685	| 4.529722	Solution (brute): 4 2 4 3 1 1 3 2 1 	 | 45776640	| 4.529722	Solution (vec): 4 2 4 3 1 1 3 2 1 	
4 5 9  | 2714878	| 4.365000	Solution (brute): 3 2 1 1 1 1 0 4 1 	 | 233943	| 4.365000	Solution (vec): 3 2 1 1 1 1 0 4 1 	
4 5 9  | 2686153	| 3.555556	Solution (brute): 0 2 2 1 2 1 0 3 1 	 | 1771819	| 3.555556	Solution (vec): 0 2 2 1 2 1 0 3 1 	
4 5 9  | 2704112	| 3.756667	Solution (brute): 1 2 0 2 2 2 3 2 1 	 | 17096624	| 3.756667	Solution (vec): 1 2 0 2 2 2 3 2 1 	
4 5 9  | 2792375	| 4.312500	Solution (brute): 1 1 1 2 2 1 1 0 1 	 | 2359840	| 4.312500	Solution (vec): 1 1 1 2 2 1 1 0 1 	
5 5 9  | 3073225	| 5.013333	Solution (brute): 3 2 2 1 4 2 1 1 4 	 | 11585	| 5.013333	Solution (vec): 3 2 2 1 4 2 1 1 4 	
5 5 9  | 3012599	| 4.926223	Solution (brute): 1 1 3 3 1 0 3 1 2 	 | 102194	| 4.926223	Solution (vec): 1 1 3 3 1 0 3 1 2 	
5 5 9  | 3031095	| 4.540889	Solution (brute): 1 1 0 1 1 1 1 1 0 	 | 153071	| 4.540889	Solution (vec): 1 1 0 1 1 1 1 1 0 	
5 5 9  | 3041801	| 4.982666	Solution (brute): 2 2 2 0 3 1 1 1 1 	 | 23392	| 4.982666	Solution (vec): 2 2 2 0 3 1 1 1 1 	
5 5 9  | 3125276	| 4.055333	Solution (brute): 1 1 0 2 0 1 1 2 3 	 | 480901	| 4.055333	Solution (vec): 1 1 0 2 0 1 1 2 3 	
6 5 9  | 3433085	| 4.817593	Solution (brute): 1 3 1 1 0 1 2 2 2 	 | 46602	| 4.817593	Solution (vec): 1 3 1 1 0 1 2 2 2 	
6 5 9  | 3432611	| 5.577777	Solution (brute): 2 1 2 2 1 2 1 3 2 	 | 424562	| 5.577777	Solution (vec): 2 1 2 2 1 2 1 3 2 	
6 5 9  | 3347935	| 3.960370	Solution (brute): 0 1 1 0 1 1 1 2 3 	 | 1202082	| 3.960370	Solution (vec): 0 1 1 0 1 1 1 2 3 	
6 5 9  | 3393880	| 5.679259	Solution (brute): 2 1 1 1 3 1 1 2 1 	 | 88111	| 5.679259	Solution (vec): 2 1 1 1 3 1 1 2 1 	
6 5 9  | 3392570	| 4.044445	Solution (brute): 1 3 0 1 3 0 1 1 1 	 | 481765	| 4.044445	Solution (vec): 1 3 0 1 3 0 1 1 1 	
7 5 9  | 3773568	| 4.714921	Solution (brute): 2 2 1 3 1 4 1 1 3 	 | 333471	| 4.714921	Solution (vec): 2 2 1 3 1 4 1 1 3 	
7 5 9  | 3800599	| 4.200000	Solution (brute): 1 0 1 2 2 0 3 1 1 	 | 1300330	| 4.200000	Solution (vec): 1 0 1 2 2 0 3 1 1 	
7 5 9  | 3811951	| 4.567619	Solution (brute): 1 3 1 1 2 1 3 1 1 	 | 299036	| 4.567619	Solution (vec): 1 3 1 1 2 1 3 1 1 	
7 5 9  | 3830239	| 5.326666	Solution (brute): 2 3 2 4 1 3 1 1 2 	 | 211769	| 5.326666	Solution (vec): 2 3 2 4 1 3 1 1 2 	
7 5 9  | 3839204	| 4.753968	Solution (brute): 1 1 2 2 1 2 2 1 0 	 | 63885	| 4.753968	Solution (vec): 1 1 2 2 1 2 2 1 0 	
8 5 9  | 4129513	| 4.520833	Solution (brute): 3 4 1 1 1 1 0 1 1 	 | 700324	| 4.520833	Solution (vec): 3 4 1 1 1 1 0 1 1 	
8 5 9  | 4057199	| 5.286111	Solution (brute): 1 3 1 3 2 1 1 2 1 	 | 205022	| 5.286111	Solution (vec): 1 3 1 3 2 1 1 2 1 	
8 5 9  | 4047650	| 5.565417	Solution (brute): 3 3 1 2 2 2 1 2 1 	 | 147761	| 5.565417	Solution (vec): 3 3 1 2 2 2 1 2 1 	
8 5 9  | 4137925	| 4.139999	Solution (brute): 1 3 0 1 0 1 1 2 2 	 | 268573	| 4.139999	Solution (vec): 1 3 0 1 0 1 1 2 2 	
8 5 9  | 4071490	| 5.329444	Solution (brute): 1 1 1 3 1 1 2 2 1 	 | 232979	| 5.329444	Solution (vec): 1 1 1 3 1 1 2 2 1 	
9 5 9  | 4444579	| 4.883457	Solution (brute): 1 1 0 3 1 1 2 2 1 	 | 203609	| 4.883457	Solution (vec): 1 1 0 3 1 1 2 2 1 	
9 5 9  | 4426716	| 5.047778	Solution (brute): 1 1 1 3 3 3 1 3 2 	 | 138829	| 5.047778	Solution (vec): 1 1 1 3 3 3 1 3 2 	
9 5 9  | 4477528	| 3.842223	Solution (brute): 2 4 2 0 1 4 1 4 3 	 | 11438660	| 3.842223	Solution (vec): 2 4 2 0 1 4 1 4 3 	
9 5 9  | 4505435	| 4.210370	Solution (brute): 2 0 2 5 1 1 1 1 1 	 | 1128564	| 4.210370	Solution (vec): 2 0 2 5 1 1 1 1 1 	
9 5 9  | 4383540	| 4.461728	Solution (brute): 2 1 1 0 0 1 2 1 3 	 | 76529	| 4.461728	Solution (vec): 2 1 1 0 0 1 2 1 3 	
1 6 9  | 5420072	| 2.144444	Solution (brute): 0 1 0 0 0 0 1 1 1 	 | 364463680	| 2.144444	Solution (vec): 0 1 0 0 0 0 1 1 1 	
1 6 9  | 5380145	| 2.072222	Solution (brute): 0 1 0 0 1 0 0 1 1 	 | 235290368	| 2.072222	Solution (vec): 0 1 0 0 1 0 0 1 1 	
1 6 9  | 5397815	| 2.066667	Solution (brute): 1 1 0 1 0 0 0 1 0 	 | 571033600	| 2.066667	Solution (vec): 1 0 1 1 0 0 0 1 0 	
1 6 9  | 5431893	| 2.127778	Solution (brute): 1 1 0 1 0 0 1 0 0 	 | 862447488	| 2.127778	Solution (vec): 1 1 0 1 0 0 1 0 0 	
1 6 9  | 5381764	| 2.133333	Solution (brute): 0 0 1 1 1 0 1 0 0 	 | 2165815040	| 2.133333	Solution (vec): 0 0 1 2 1 0 1 0 0 	
2 6 9  | 7414580	| 3.452778	Solution (brute): 1 2 0 1 2 2 0 1 1 	 | 41823176	| 3.452778	Solution (vec): 1 2 0 1 2 2 0 1 1 	
2 6 9  | 7605720	| 3.947778	Solution (brute): 1 2 1 2 1 1 2 0 1 	 | 35587520	| 3.947778	Solution (vec): 1 2 1 2 1 1 2 0 1 	
2 6 9  | 7557821	| 3.764444	Solution (brute): 1 2 1 1 0 1 3 1 1 	 | 57178896	| 3.764444	Solution (vec): 1 2 1 1 0 1 3 1 1 	
2 6 9  | 7529974	| 3.460000	Solution (brute): 2 1 2 0 2 2 1 2 0 	 | 35204268	| 3.460000	Solution (vec): 2 1 2 0 2 2 1 2 0 	
2 6 9  | 7694597	| 4.308333	Solution (brute): 3 1 2 1 2 1 1 1 0 	 | 245797024	| 4.308333	Solution (vec): 3 1 2 1 2 1 1 1 0 	
3 6 9  | 9339440	| 3.653333	Solution (brute): 2 4 5 1 2 1 0 1 5 	 | 46147588	| 3.653333	Solution (vec): 2 4 5 1 2 1 0 1 5 	
3 6 9  | 9341071	| 4.007407	Solution (brute): 4 1 1 0 4 4 3 5 2 	 | 2525502	| 4.007407	Solution (vec): 4 1 1 0 4 4 3 5 2 	
3 6 9  | 9028728	| 4.373333	Solution (brute): 1 5 2 1 0 1 2 1 2 	 | 12134480	| 4.373333	Solution (vec): 1 5 2 1 0 1 2 1 2 	
3 6 9  | 9421261	| 4.266666	Solution (brute): 2 2 0 4 1 3 2 1 1 	 | 511135	| 4.266666	Solution (vec): 2 2 0 4 1 3 2 1 1 	
3 6 9  | 9243100	| 3.997037	Solution (brute): 0 2 1 2 2 2 1 0 2 	 | 22943206	| 3.997037	Solution (vec): 0 2 1 2 2 2 1 0 2 	
4 6 9  | 10982809	| 4.153333	Solution (brute): 1 1 2 0 3 1 1 3 1 	 | 7223390	| 4.153333	Solution (vec): 1 1 2 0 3 1 1 3 1 	
4 6 9  | 11330943	| 4.881667	Solution (brute): 1 3 1 1 2 2 3 3 3 	 | 277982	| 4.881667	Solution (vec): 1 3 1 1 2 2 3 3 3 	
4 6 9  | 11274395	| 4.250000	Solution (brute): 2 2 1 0 1 3 3 4 3 	 | 18797426	| 4.250000	Solution (vec): 2 2 1 0 1 3 3 4 3 	
4 6 9  | 11303573	| 4.777778	Solution (brute): 1 1 2 1 4 1 1 3 1 	 | 8045439	| 4.777778	Solution (vec): 1 1 2 1 4 1 1 3 1 	
4 6 9  | 10902934	| 3.943333	Solution (brute): 3 4 4 1 3 1 0 1 1 	 | 1366114	| 3.943333	Solution (vec): 3 4 4 1 3 1 0 1 1 	
5 6 9  | 12749664	| 4.757334	Solution (brute): 1 5 1 2 1 1 4 1 1 	 | 31255140	| 4.757334	Solution (vec): 1 5 1 2 1 1 4 1 1 	
5 6 9  | 12222817	| 4.842889	Solution (brute): 2 2 1 0 2 1 1 1 1 	 | 111579	| 4.842889	Solution (vec): 2 2 1 0 2 1 1 1 1 	
5 6 9  | 12752546	| 4.208000	Solution (brute): 2 3 1 2 4 2 1 0 1 	 | 156776	| 4.208000	Solution (vec): 2 3 1 2 4 2 1 0 1 	
5 6 9  | 12298670	| 5.489778	Solution (brute): 1 2 3 1 1 1 2 1 1 	 | 2146395	| 5.489778	Solution (vec): 1 2 3 1 1 1 2 1 1 	
5 6 9  | 12532467	| 4.744000	Solution (brute): 0 2 1 1 0 1 2 3 1 	 | 134862	| 4.744000	Solution (vec): 0 2 1 1 0 1 2 3 1 	
6 6 9  | 13936958	| 4.946666	Solution (brute): 1 3 4 4 2 2 1 2 0 	 | 311140	| 4.946666	Solution (vec): 1 3 4 4 2 2 1 2 0 	
6 6 9  | 14203470	| 5.255556	Solution (brute): 1 1 1 1 0 1 2 1 2 	 | 94381	| 5.255556	Solution (vec): 1 1 1 1 0 1 2 1 2 	
6 6 9  | 14032664	| 4.233704	Solution (brute): 3 1 0 2 2 1 1 1 3 	 | 86590	| 4.233704	Solution (vec): 3 1 0 2 2 1 1 1 3 	
6 6 9  | 13927746	| 5.112222	Solution (brute): 4 1 2 1 1 2 1 0 1 	 | 138363	| 5.112222	Solution (vec): 4 1 2 1 1 2 1 0 1 	
6 6 9  | 14200314	| 4.510741	Solution (brute): 1 1 2 1 1 4 1 0 2 	 | 24839660	| 4.510741	Solution (vec): 1 1 2 1 1 4 1 0 2 	
7 6 9  | 15444795	| 5.352063	Solution (brute): 2 1 3 4 1 1 3 2 2 	 | 1722072	| 5.352063	Solution (vec): 2 1 3 4 1 1 3 2 2 	
7 6 9  | 15555179	| 5.895556	Solution (brute): 2 1 3 1 2 1 1 1 2 	 | 462753	| 5.895556	Solution (vec): 2 1 3 1 2 1 1 1 2 	
7 6 9  | 15377780	| 4.260317	Solution (brute): 2 1 1 2 2 2 0 2 3 	 | 72566032	| 4.260317	Solution (vec): 2 1 1 2 2 2 0 2 3 	
7 6 9  | 15207455	| 4.441111	Solution (brute): 0 1 2 1 2 1 5 2 4 	 | 1178515	| 4.441111	Solution (vec): 0 1 2 1 2 1 5 2 4 	
7 6 9  | 15471743	| 5.203333	Solution (brute): 1 1 2 2 1 1 2 3 2 	 | 128982	| 5.203333	Solution (vec): 1 1 2 2 1 1 2 3 2 	
8 6 9  | 16747637	| 5.727917	Solution (brute): 2 1 1 4 3 2 2 1 1 	 | 33696	| 5.727917	Solution (vec): 2 1 1 4 3 2 2 1 1 	
8 6 9  | 16774976	| 4.658611	Solution (brute): 4 1 1 1 0 1 4 0 2 	 | 203771	| 4.658611	Solution (vec): 4 1 1 1 0 1 4 0 2 	
8 6 9  | 16520991	| 5.678472	Solution (brute): 1 0 1 1 2 1 1 0 1 	 | 41390	| 5.678472	Solution (vec): 1 0 1 1 2 1 1 0 1 	
8 6 9  | 16935520	| 4.431388	Solution (brute): 3 3 3 0 1 3 4 1 1 	 | 1552017	| 4.431388	Solution (vec): 3 3 3 0 1 3 4 1 1 	
8 6 9  | 16682984	| 4.710556	Solution (brute): 4 0 1 4 2 4 2 1 2 	 | 530641	| 4.710556	Solution (vec): 4 0 1 4 2 4 2 1 2 	
9 6 9  | 18276064	| 3.999383	Solution (brute): 1 3 2 2 1 5 4 1 1 	 | 90309664	| 3.999383	Solution (vec): 1 3 2 2 1 5 4 1 1 	
9 6 9  | 18062588	| 4.331851	Solution (brute): 2 2 2 3 1 1 2 2 5 	 | 531026272	| 4.331851	Solution (vec): 2 2 2 3 1 1 2 2 5 	
9 6 9  | 17727036	| 5.262222	Solution (brute): 2 3 2 1 2 1 1 2 1 	 | 91442	| 5.262222	Solution (vec): 2 3 2 1 2 1 1 2 1 	
9 6 9  | 17978070	| 5.389630	Solution (brute): 1 1 1 1 1 0 2 1 3 	 | 22665	| 5.389630	Solution (vec): 1 1 1 1 1 0 2 1 3 	
9 6 9  | 17984060	| 4.727284	Solution (brute): 0 2 1 1 1 3 1 1 2 	 | 19067100	| 4.727284	Solution (vec): 0 2 1 1 1 3 1 1 2 	
1 7 9  | 17982164	| 2.183333	Solution (brute): 0 1 0 1 0 0 1 0 1 	 | 1176233984	| 2.183333	Solution (vec): 0 1 0 1 0 0 1 0 1 	
1 7 9  | 18045828	| 2.155555	Solution (brute): 0 1 0 0 1 1 0 0 1 	 | 4699062272	| 2.155555	Solution (vec): 0 1 0 0 1 1 0 0 1 	
1 7 9  | 18028304	| 2.105556	Solution (brute): 0 0 1 1 0 1 0 1 0 	 | 1042537344	| 2.105556	Solution (vec): 0 0 1 1 0 1 0 1 0 	
1 7 9  | 18058148	| 2.083333	Solution (brute): 0 1 1 0 0 0 1 1 0 	 | 4292317696	| 2.083333	Solution (vec): 0 1 1 0 0 0 1 1 0 	
1 7 9  | 17942796	| 1.994444	Solution (brute): 0 0 0 1 1 0 1 1 0 	 | 758715584	| 1.994444	Solution (vec): 0 0 0 1 1 0 1 1 0 	
2 7 9  | 24972180	| 3.760000	Solution (brute): 0 4 1 1 1 1 2 0 2 	 | 32264212	| 3.760000	Solution (vec): 0 4 1 1 1 1 2 0 2 	
2 7 9  | 26013428	| 4.051666	Solution (brute): 1 1 2 1 0 1 2 1 2 	 | 203445280	| 4.051666	Solution (vec): 1 1 2 1 0 1 2 1 2 	
2 7 9  | 24519000	| 3.914444	Solution (brute): 1 1 0 1 0 2 0 1 1 	 | 11932742	| 3.914444	Solution (vec): 1 1 0 1 0 2 0 1 1 	
2 7 9  | 24641306	| 3.917223	Solution (brute): 3 3 1 1 1 2 2 0 2 	 | 775269504	| 3.917223	Solution (vec): 3 3 1 1 1 2 2 0 2 	
2 7 9  | 25141044	| 4.026667	Solution (brute): 2 4 1 1 1 0 0 2 1 	 | 19856288	| 4.026667	Solution (vec): 2 4 1 1 1 0 0 2 1 	
3 7 9  | 31416208	| 4.231111	Solution (brute): 1 2 6 0 2 1 0 1 4 	 | 807521	| 4.231111	Solution (vec): 1 2 6 0 2 1 0 1 4 	
3 7 9  | 32014808	| 4.312963	Solution (brute): 1 1 3 1 4 1 1 1 1 	 | 490467040	| 4.312963	Solution (vec): 1 1 3 1 4 1 1 1 1 	
3 7 9  | 31409036	| 3.933704	Solution (brute): 3 2 0 2 2 3 1 3 1 	 | 16322496	| 3.933704	Solution (vec): 3 2 0 2 2 3 1 3 1 	
3 7 9  | 32434832	| 4.607407	Solution (brute): 5 1 2 0 1 2 1 1 3 	 | 25634098	| 4.607407	Solution (vec): 5 1 2 0 1 2 1 1 3 	
3 7 9  | 32277420	| 3.933703	Solution (brute): 2 3 3 1 3 1 0 2 2 	 | 42974564	| 3.933703	Solution (vec): 2 3 3 1 3 1 0 2 2 	
4 7 9  | 36165432	| 3.758333	Solution (brute): 1 3 3 0 3 2 1 2 2 	 | 4211716864	| 3.758333	Solution (vec): 1 3 3 0 3 2 1 2 2 	
4 7 9  | 37102572	| 5.288888	Solution (brute): 1 3 1 4 2 1 2 1 3 	 | 797338	| 5.288888	Solution (vec): 1 3 1 4 2 1 2 1 3 	
4 7 9  | 37757880	| 5.361112	Solution (brute): 2 1 2 1 1 1 1 1 3 	 | 29350848	| 5.361112	Solution (vec): 2 1 2 1 1 1 1 1 3 	
4 7 9  | 36089408	| 4.503055	Solution (brute): 2 5 0 1 2 1 2 2 3 	 | 2014508	| 4.503055	Solution (vec): 2 5 0 1 2 1 2 2 3 	
4 7 9  | 37623856	| 4.680555	Solution (brute): 1 1 1 1 0 3 2 1 1 	 | 70306960	| 4.680555	Solution (vec): 1 1 1 1 0 3 2 1 1 	
5 7 9  | 42219412	| 4.528000	Solution (brute): 4 4 1 4 3 2 3 4 2 	 | 600849	| 4.528000	Solution (vec): 4 4 1 4 3 2 3 4 2 	
5 7 9  | 43110328	| 4.664000	Solution (brute): 3 1 0 2 3 2 1 0 1 	 | 1894933	| 4.664000	Solution (vec): 3 1 0 2 3 2 1 0 1 	
5 7 9  | 42992680	| 4.392000	Solution (brute): 4 1 1 1 2 1 0 0 1 	 | 1377390	| 4.392000	Solution (vec): 4 1 1 1 2 1 0 0 1 	
5 7 9  | 41800328	| 5.064000	Solution (brute): 1 3 3 0 1 3 1 3 1 	 | 503333	| 5.064000	Solution (vec): 1 3 3 0 1 3 1 3 1 	
5 7 9  | 41875952	| 4.693334	Solution (brute): 3 2 5 4 3 1 1 3 1 	 | 28941866	| 4.693334	Solution (vec): 3 2 5 4 3 1 1 3 1 	
6 7 9  | 47486880	| 5.119629	Solution (brute): 5 3 3 1 1 0 1 1 2 	 | 107292	| 5.119629	Solution (vec): 5 3 3 1 1 0 1 1 2 	
6 7 9  | 46967224	| 5.055555	Solution (brute): 1 4 1 1 1 4 3 1 1 	 | 6029356	| 5.055555	Solution (vec): 1 4 1 1 1 4 3 1 1 	
6 7 9  | 47129312	| 4.874444	Solution (brute): 2 1 3 1 0 2 1 1 3 	 | 11374269	| 4.874444	Solution (vec): 2 1 3 1 0 2 1 1 3 	
6 7 9  | 46635908	| 5.022223	Solution (brute): 2 1 1 2 3 1 3 1 1 	 | 1277561	| 5.022223	Solution (vec): 2 1 1 2 3 1 3 1 1 	
6 7 9  | 47478228	| 4.232222	Solution (brute): 1 5 1 1 1 4 5 0 2 	 | 28182334	| 4.232222	Solution (vec): 1 5 1 1 1 4 5 0 2 	
7 7 9  | 51998664	| 5.203334	Solution (brute): 2 3 1 1 4 1 2 0 4 	 | 413883	| 5.203334	Solution (vec): 2 3 1 1 4 1 2 0 4 	
7 7 9  | 51302348	| 5.775238	Solution (brute): 1 1 2 2 2 1 2 1 1 	 | 407628	| 5.775238	Solution (vec): 1 1 2 2 2 1 2 1 1 	
7 7 9  | 51050548	| 4.490476	Solution (brute): 1 1 1 1 3 2 4 2 1 	 | 194025856	| 4.490476	Solution (vec): 1 1 1 1 3 2 4 2 1 	
7 7 9  | 52005956	| 4.615873	Solution (brute): 1 1 4 3 1 1 1 1 1 	 | 1338486400	| 4.615873	Solution (vec): 1 1 4 3 1 1 1 1 1 	
7 7 9  | 51976908	| 5.245079	Solution (brute): 1 1 1 3 1 4 1 2 1 	 | 110291616	| 5.245079	Solution (vec): 1 1 1 3 1 4 1 2 1 	
8 7 9  | 55966012	| 5.464583	Solution (brute): 2 3 2 2 1 2 1 2 1 	 | 46017	| 5.464583	Solution (vec): 2 3 2 2 1 2 1 2 1 	
8 7 9  | 56566180	| 4.820139	Solution (brute): 2 7 1 1 1 1 4 1 1 	 | 7361173	| 4.820139	Solution (vec): 2 7 1 1 1 1 4 1 1 	
8 7 9  | 56646228	| 4.656111	Solution (brute): 1 2 1 3 0 1 1 4 4 	 | 495327	| 4.656111	Solution (vec): 1 2 1 3 0 1 1 4 4 	
8 7 9  | 56196732	| 4.995833	Solution (brute): 1 4 2 1 1 2 5 3 3 	 | 1611544	| 4.995833	Solution (vec): 1 4 2 1 1 2 5 3 3 	
8 7 9  | 56573400	| 5.150000	Solution (brute): 4 1 2 4 1 3 0 1 2 	 | 298795	| 5.150000	Solution (vec): 4 1 2 4 1 3 0 1 2 	
9 7 9  | 60534560	| 5.059259	Solution (brute): 2 2 3 2 3 2 4 1 1 	 | 10957351	| 5.059259	Solution (vec): 2 2 3 2 3 2 4 1 1 	
9 7 9  | 61450480	| 5.508148	Solution (brute): 1 3 1 1 1 1 2 0 2 	 | 166453	| 5.508148	Solution (vec): 1 3 1 1 1 1 2 0 2 	
9 7 9  | 60513480	| 5.044444	Solution (brute): 1 2 3 4 1 2 1 3 2 	 | 45020368	| 5.044444	Solution (vec): 1 2 3 4 1 2 1 3 2 	
9 7 9  | 60596364	| 4.829876	Solution (brute): 1 1 6 1 1 5 2 6 2 	 | 1537877	| 4.829876	Solution (vec): 1 1 6 1 1 5 2 6 2 	
9 7 9  | 60969412	| 5.166667	Solution (brute): 1 1 5 4 3 1 4 1 2 	 | 1285940	| 5.166667	Solution (vec): 1 1 5 4 3 1 4 1 2 	
1 8 9  | 52631032	| 2.122222	Solution (brute): 1 1 1 0 0 0 0 0 1 	 | 12624140288	| 2.122222	Solution (vec): 1 1 1 0 0 0 0 0 1 	
1 8 9  | 52517176	| 2.105556	Solution (brute): 0 0 1 1 0 1 0 1 0 	 | 10217947136	| 2.105556	Solution (vec): 0 0 1 1 0 1 0 1 0 	
1 8 9  | 52290904	| 2.094445	Solution (brute): 1 1 1 0 0 0 0 0 1 	 | 23272515584	| 2.094445	Solution (vec): 1 1 1 0 0 0 0 0 1 	
1 8 9  | 53143856	| 2.144444	Solution (brute): 0 0 0 0 1 1 1 0 1 	 | 6909145600	| 2.144444	Solution (vec): 0 0 0 0 1 1 1 0 1 	
