1 3 9  | 43473	| 1.933333	Solution (brute): 0 1 0 0 1 0 0 1 1 	 | 145900	| 1.933333	Solution (vec): 0 1 0 0 1 0 0 1 1 	
1 3 9  | 38889	| 2.111111	Solution (brute): 1 0 1 0 0 1 0 1 0 	 | 268533	| 2.111111	Solution (vec): 1 0 1 0 0 1 0 1 0 	
1 3 9  | 38301	| 1.944444	Solution (brute): 0 0 1 1 0 1 0 1 0 	 | 356295	| 1.944444	Solution (vec): 0 0 1 1 0 1 0 1 0 	
1 3 9  | 38181	| 1.888889	Solution (brute): 0 0 1 1 0 1 1 0 0 	 | 101069	| 1.888889	Solution (vec): 0 0 1 1 0 1 1 0 0 	
1 3 9  | 38271	| 1.922222	Solution (brute): 0 0 1 0 1 0 0 1 1 	 | 231272	| 1.922222	Solution (vec): 0 0 1 0 1 0 0 1 1 	
2 3 9  | 57407	| 2.621667	Solution (brute): 0 1 0 1 2 1 0 3 0 	 | 37884	| 2.621667	Solution (vec): 0 1 0 1 2 1 0 3 0 	
2 3 9  | 72408	| 3.437778	Solution (brute): 0 3 1 1 0 1 1 0 1 	 | 56162	| 3.437778	Solution (vec): 0 3 1 1 0 1 1 0 1 	
2 3 9  | 55222	| 3.000000	Solution (brute): 2 0 2 2 0 2 2 1 2 	 | 81388	| 3.000000	Solution (vec): 2 0 2 2 0 2 2 1 2 	
2 3 9  | 52969	| 2.787778	Solution (brute): 1 0 1 2 0 1 1 1 0 	 | 105975	| 2.787778	Solution (vec): 1 0 1 2 0 1 1 1 0 	
2 3 9  | 50593	| 3.073333	Solution (brute): 1 2 1 0 1 0 0 1 1 	 | 39417	| 3.073333	Solution (vec): 1 2 1 0 1 0 0 1 1 	
3 3 9  | 67400	| 3.314445	Solution (brute): 1 2 2 1 1 0 1 0 0 	 | 61098	| 3.314445	Solution (vec): 1 2 2 1 1 0 1 0 0 	
3 3 9  | 61303	| 4.301111	Solution (brute): 1 0 2 0 2 1 1 2 1 	 | 14182	| 4.301111	Solution (vec): 1 0 2 0 2 1 1 2 1 	
3 3 9  | 66756	| 3.894815	Solution (brute): 0 0 0 1 2 1 3 1 1 	 | 16281	| 3.894815	Solution (vec): 0 0 0 1 2 1 3 1 1 	
3 3 9  | 70240	| 4.570371	Solution (brute): 0 2 2 2 1 1 3 1 1 	 | 30798	| 4.570371	Solution (vec): 0 2 2 2 1 1 3 1 1 	
3 3 9  | 67808	| 3.567778	Solution (brute): 0 1 1 0 1 0 1 1 1 	 | 73401	| 3.567778	Solution (vec): 0 1 1 0 1 0 1 1 1 	
4 3 9  | 73180	| 3.885556	Solution (brute): 3 1 2 1 1 1 2 0 1 	 | 47281	| 3.885556	Solution (vec): 3 1 2 1 1 1 2 0 1 	
4 3 9  | 72792	| 2.944444	Solution (brute): 1 2 3 0 0 2 2 1 2 	 | 135536	| 2.944444	Solution (vec): 1 2 3 0 0 2 2 1 2 	
4 3 9  | 74815	| 3.795556	Solution (brute): 0 0 1 1 2 1 1 2 1 	 | 10826	| 3.795556	Solution (vec): 0 0 1 1 2 1 1 2 1 	
4 3 9  | 73772	| 3.600000	Solution (brute): 1 1 1 0 1 1 1 1 0 	 | 80205	| 3.600000	Solution (vec): 1 1 1 0 1 1 1 1 0 	
4 3 9  | 72532	| 3.902778	Solution (brute): 0 1 1 1 0 2 1 1 1 	 | 57882	| 3.902778	Solution (vec): 0 1 1 1 0 2 1 1 1 	
5 3 9  | 81476	| 4.417778	Solution (brute): 1 1 0 1 1 2 2 1 2 	 | 11095	| 4.417778	Solution (vec): 1 1 0 1 1 2 2 1 2 	
5 3 9  | 81149	| 3.413333	Solution (brute): 1 1 1 0 0 2 1 0 1 	 | 89077	| 3.413333	Solution (vec): 1 1 1 0 0 2 1 0 1 	
5 3 9  | 81241	| 3.780000	Solution (brute): 3 1 1 2 1 1 2 1 1 	 | 27720	| 3.780000	Solution (vec): 3 1 1 2 1 1 2 1 1 	
5 3 9  | 79341	| 3.375556	Solution (brute): 1 1 2 1 0 3 1 0 1 	 | 74185	| 3.375556	Solution (vec): 1 1 2 1 0 3 1 0 1 	
5 3 9  | 80333	| 3.251555	Solution (brute): 1 1 0 2 2 1 0 1 3 	 | 82531	| 3.251555	Solution (vec): 1 1 0 2 2 1 0 1 3 	
6 3 9  | 89487	| 3.532222	Solution (brute): 1 2 1 0 1 1 1 1 1 	 | 44456	| 3.532222	Solution (vec): 1 2 1 0 1 1 1 1 1 	
6 3 9  | 89675	| 3.658889	Solution (brute): 1 1 0 1 1 1 0 1 1 	 | 26594	| 3.658889	Solution (vec): 1 1 0 1 1 1 0 1 1 	
6 3 9  | 87746	| 3.879815	Solution (brute): 0 1 1 1 1 1 0 1 1 	 | 9292	| 3.879815	Solution (vec): 0 1 1 1 1 1 0 1 1 	
6 3 9  | 88239	| 4.829629	Solution (brute): 1 0 1 3 2 1 1 1 1 	 | 23053	| 4.829629	Solution (vec): 1 0 1 3 2 1 1 1 1 	
6 3 9  | 92107	| 2.946667	Solution (brute): 0 1 2 1 3 1 0 1 0 	 | 136015	| 2.946667	Solution (vec): 0 1 2 1 3 1 0 1 0 	
7 3 9  | 108525	| 4.015873	Solution (brute): 2 2 1 0 2 1 1 1 1 	 | 166774	| 4.015873	Solution (vec): 2 2 1 0 2 1 1 1 1 	
7 3 9  | 98193	| 3.954286	Solution (brute): 1 1 2 3 3 2 1 1 2 	 | 17340	| 3.954286	Solution (vec): 1 1 2 3 3 2 1 1 2 	
7 3 9  | 103946	| 4.760635	Solution (brute): 1 2 1 0 1 1 1 0 1 	 | 15803	| 4.760635	Solution (vec): 1 2 1 0 1 1 1 0 1 	
7 3 9  | 101642	| 3.931587	Solution (brute): 1 2 2 2 0 1 2 1 2 	 | 13579	| 3.931587	Solution (vec): 1 2 2 2 0 1 2 1 2 	
7 3 9  | 98445	| 3.966667	Solution (brute): 1 0 1 2 1 2 1 1 2 	 | 16459	| 3.966667	Solution (vec): 1 0 1 2 1 2 1 1 2 	
8 3 9  | 108100	| 4.240000	Solution (brute): 1 1 1 1 0 2 3 1 3 	 | 25591	| 4.240000	Solution (vec): 1 1 1 1 0 2 3 1 3 	
8 3 9  | 104841	| 3.373333	Solution (brute): 1 2 2 1 1 2 3 0 2 	 | 36091	| 3.373333	Solution (vec): 1 2 2 1 1 2 3 0 2 	
8 3 9  | 111881	| 3.874722	Solution (brute): 1 1 1 0 2 0 1 2 1 	 | 11211	| 3.874722	Solution (vec): 1 1 1 0 2 0 1 2 1 	
8 3 9  | 106369	| 4.025000	Solution (brute): 1 1 1 1 1 2 1 2 3 	 | 87203	| 4.025000	Solution (vec): 1 1 1 1 1 2 1 2 3 	
8 3 9  | 107385	| 4.261528	Solution (brute): 2 1 1 2 1 0 1 3 1 	 | 2288	| 4.261528	Solution (vec): 2 1 1 2 1 0 1 3 1 	
9 3 9  | 113256	| 3.548148	Solution (brute): 1 0 2 2 1 2 3 1 0 	 | 45685	| 3.548148	Solution (vec): 1 0 2 2 1 2 3 1 0 	
9 3 9  | 114504	| 3.720988	Solution (brute): 2 1 1 2 2 2 2 1 1 	 | 82099	| 3.720988	Solution (vec): 2 1 1 2 2 2 2 1 1 	
9 3 9  | 113969	| 3.611852	Solution (brute): 1 1 0 1 1 1 1 1 3 	 | 107710	| 3.611852	Solution (vec): 1 1 0 1 1 1 1 1 3 	
9 3 9  | 112697	| 3.644691	Solution (brute): 1 2 2 2 2 1 1 0 3 	 | 31721	| 3.644691	Solution (vec): 1 2 2 2 2 1 1 0 3 	
9 3 9  | 113403	| 4.155062	Solution (brute): 1 1 1 0 1 3 2 1 2 	 | 28889	| 4.155062	Solution (vec): 1 1 1 0 1 3 2 1 2 	
